<?xml version="1.0"?>
<opencv_storage>
<nr_of_frames>50</nr_of_frames>
<image_width>1280</image_width>
<image_height>1024</image_height>
<board_width>8</board_width>
<board_height>6</board_height>
<square_size>2.5399999618530273e+01</square_size>
<fix_aspect_ratio>1.</fix_aspect_ratio>
<camera_matrix type_id="opencv-matrix">
  <rows>3</rows>
  <cols>3</cols>
  <dt>d</dt>
  <data>
    1.1936068613146927e+03 0. 6.3950000000000000e+02 0.
    1.1936068613146927e+03 5.1150000000000000e+02 0. 0. 1.</data></camera_matrix>
<distortion_coefficients type_id="opencv-matrix">
  <rows>5</rows>
  <cols>1</cols>
  <dt>d</dt>
  <data>
    -1.9208854905411096e-01 -8.9197701254422765e-02 0. 0.
    -5.6911189035189365e+00</data></distortion_coefficients>
<avg_reprojection_error>4.3167548038559078e-01</avg_reprojection_error>
<per_view_reprojection_errors type_id="opencv-matrix">
  <rows>50</rows>
  <cols>1</cols>
  <dt>f</dt>
  <data>
    4.93341446e-01 4.02907670e-01 3.75833988e-01 4.47231978e-01
    4.52160925e-01 3.69695514e-01 2.17147335e-01 1.98026121e-01
    2.25740582e-01 2.30062813e-01 2.80652434e-01 2.52961189e-01
    1.93493187e-01 3.15546185e-01 3.32435757e-01 3.54113758e-01
    2.52470642e-01 2.78092831e-01 9.32945788e-01 2.99084097e-01
    2.67011613e-01 5.00449896e-01 4.85203475e-01 6.55533075e-01
    7.95789182e-01 3.64339739e-01 3.77114981e-01 3.69713932e-01
    4.41592753e-01 5.01873791e-01 6.16226137e-01 7.64970481e-01
    5.68587244e-01 4.63054329e-01 3.27726871e-01 3.87954831e-01
    4.94122624e-01 3.89465928e-01 4.40302163e-01 4.10093188e-01
    4.22310740e-01 3.86242777e-01 3.03687245e-01 3.66040677e-01
    3.14392000e-01 3.39588761e-01 4.37371492e-01 3.62152755e-01
    4.07730281e-01 4.10497636e-01</data></per_view_reprojection_errors>
<!-- a set of 6-tuples (rotation vector + translation vector) for each view -->
<extrinsic_parameters type_id="opencv-matrix">
  <rows>50</rows>
  <cols>6</cols>
  <dt>d</dt>
  <data>
    3.4002316823743668e-02 -5.8298642395043981e-02
    7.9021235451393154e-02 -1.6422759067744315e+02
    -1.6494030946166819e+02 7.9315568921639567e+02
    3.6520303550052727e-03 -5.1571094296318648e-02
    9.8801170110384029e-02 -1.3581994119203603e+02
    -1.1361259453659405e+02 8.4748764753825253e+02
    8.2881418526532066e-02 -1.7819615699656405e-01
    1.1459107904266801e-01 -1.4370533087462260e+02
    -1.0790399513156075e+02 9.2314733063193160e+02
    1.8514769383757962e-01 -2.6076642637391495e-01
    1.4635117995358607e-01 -1.3432593891111742e+02
    -1.2132797612468421e+02 1.0247895684515311e+03
    1.0781041406813531e-01 -3.0217261513189114e-01
    9.8697457573197686e-02 -1.1703335103970504e+02
    -1.4195373487561693e+02 1.0336420465643898e+03
    1.2469313374467406e-01 -3.1171993417653165e-01
    9.2719081071590570e-01 9.9023204254584570e+01
    -2.3686543245480627e+02 1.0087374550278652e+03
    1.6682755196428140e-01 -9.2011835900925265e-02
    6.3307209987170820e-02 -1.6968834245583824e+02
    -9.0505149868534559e+01 1.4266702678033180e+03
    2.0419066840742400e-01 -3.8819207888686869e-02
    3.7353855057725857e-02 -1.6811207319376899e+02
    -8.6721836930885843e+01 1.4794442946770275e+03
    2.1453095875004979e-01 4.4138511363379831e-02 2.9698962048264305e-02
    -1.2442236644075470e+02 -1.0314759523591640e+02
    1.4805714238556279e+03 3.0279824051189945e-02
    -6.9150685945245345e-03 3.1346544128962116e-02
    -9.1001202247246511e+01 -1.1058156134476245e+02
    1.4522408356071094e+03 1.7105756815056330e-01 1.0260728985642332e-02
    6.1046715170288590e-02 -8.4896481550849472e+01
    -8.6685395554411855e+01 1.4969285534761502e+03
    2.5074214503876591e-01 1.0807755316563673e-04 7.8166636274207404e-02
    -9.3634784720679036e+01 -7.5655938830989967e+01
    1.5182269952775437e+03 1.7689419870585510e-01
    -7.3724397933923056e-03 6.8262836062482707e-02
    -1.0802670268511747e+02 -9.8189136781747550e+01
    1.4600123876722851e+03 -2.8650046797568354e-02
    4.2727457166028347e-02 7.5170723074498976e-03
    -9.9183981876635471e+01 -1.5283227388519578e+02
    1.3133554532313806e+03 1.5321932100047278e-01 6.6822805124532189e-02
    -1.9787442629143639e-02 -3.8374973672838067e+01
    -1.3649683480103587e+02 1.1088841235624186e+03
    1.5088007837515746e-01 4.4505016943060451e-02
    -1.3310540715014437e-02 -3.6886205055761259e+01
    -1.0827908507123692e+02 1.2288720305508152e+03
    3.2253477321894974e-01 6.5087357702711041e-02
    -3.0995163974993907e-03 -4.4304538055845505e+01
    -6.4749039504110215e+01 1.4562625640350793e+03
    1.8681219242716809e-01 4.4218174864039547e-02 1.2156990452098672e-02
    -3.7953627119378638e+01 -9.4025854165497819e+01
    1.3544813349990759e+03 8.0328764080350015e-02
    -3.5804655571124569e-02 9.6786836201145338e-02
    -3.3166137060060372e+01 -1.6126205555886128e+02
    8.7982190437439579e+02 8.2504295689311183e-02 2.6401506651358850e-02
    -2.1101069383589730e-02 -4.2580783894543153e+01
    -1.0163311797831324e+02 1.2505135233856427e+03
    3.7716714555455506e-02 1.3461373419461831e-01
    -4.3235016131376641e-01 -6.1353947207862568e+01
    -6.8300209157584732e+01 1.3434548284717571e+03
    1.1250524308733365e-01 -7.4639367014112820e-02
    -2.4694632666267854e-01 -5.7314784292484312e+01
    -5.7910049855131476e+01 1.1524187249585414e+03
    1.8580913473654359e-01 -7.2149028409482521e-02
    -5.7474393356733683e-02 -1.4761570883009460e+02
    -1.9769470398993758e+02 1.1544553272368171e+03
    3.7223591907437738e-03 -7.9142715276833059e-02
    -3.8146883905950092e-02 -9.6491237076354707e+01
    -2.0143563453625086e+02 7.7965434810681643e+02
    8.8255556187098932e-02 -9.6821723583965860e-02
    2.3561115238224386e-04 -8.0399153880903171e+01
    -1.5287857894926580e+02 8.5253469265525439e+02
    9.3052238401176934e-02 1.5151117678231413e-01
    -2.8450471659172888e-02 -5.2140817883164765e+01
    -8.1322323302312597e+01 1.3093552113057258e+03
    1.6465448988832110e-01 1.4503449101348989e-01
    -6.6822509358812648e-02 -7.4932862753650710e+01
    -5.0845592107555092e+01 1.4849704089367037e+03
    8.3560769463212350e-02 1.9062254102163462e-01
    -1.4165963907557144e-01 -7.1799773160548895e+01
    -6.9824487535800799e+01 1.4062742363679422e+03
    1.3262252577552794e-01 2.0362104090132666e-01
    -3.9475544125009132e-01 -6.8275649263222547e+01
    -1.3173664455123929e+02 1.0886560653085753e+03
    1.0697709697104194e-01 1.6998070442581689e-01
    -4.2684021014326629e-01 -6.4783813121818213e+01
    -1.2348144576077271e+02 8.9204998478630966e+02
    5.4752545287962112e-02 1.7858229607144427e-01
    -4.5560744894597460e-01 -8.3776173474024901e+01
    -1.1910983264731554e+02 8.2196622931665411e+02
    3.2621160716928006e-02 1.2255218584561435e-01
    -2.2842167266004149e-01 -7.7526368522772302e+01
    -1.0932066488276483e+02 8.5913009907657693e+02
    1.1740132809995356e-01 -7.8838941057823991e-02
    2.8249261635720085e-01 -2.4887158415634012e+01
    -1.6384647697190522e+02 9.8007643261510520e+02
    1.0580142375622267e-01 -2.1617761799533364e-01
    5.9455676161458393e-01 -4.4056716752814085e+00
    -2.0087911682322166e+02 1.0373306132140037e+03
    1.2338125324771759e-01 -1.7342930245373578e-01
    5.9758220991755739e-01 -2.9186738082708477e+01
    -1.8827327054969510e+02 1.2388380191173228e+03
    3.1530803199931651e-01 -9.7154284459226914e-02
    -8.6006060459721356e-01 -1.2062427113865965e+02
    -8.7484539633928009e+01 1.4332746041325240e+03
    2.3241287123245355e-01 -5.2150375444520551e-03
    5.1850506949143567e-02 -2.8901585615470513e+01
    -1.5471625990939015e+02 1.0728454683121884e+03
    2.1641077448654450e-01 -8.2417376414492746e-03
    5.2288455280093335e-02 -5.1697063233761483e+01
    -1.3620453556878161e+02 1.2000324036397815e+03
    2.3283705010904657e-01 2.8457697111276673e-03 4.1856489059590406e-02
    -5.4981447012704308e+01 -1.3901597475144067e+02
    1.2340119052028108e+03 2.3801564811820355e-01
    -8.2425598103905932e-03 3.5033217956581243e-02
