<?xml version="1.0"?>
<opencv_storage>
<nr_of_frames>20</nr_of_frames>
<image_width>1280</image_width>
<image_height>1024</image_height>
<board_width>8</board_width>
<board_height>6</board_height>
<square_size>2.5399999618530273e+01</square_size>
<fix_aspect_ratio>1.</fix_aspect_ratio>
<camera_matrix type_id="opencv-matrix">
  <rows>3</rows>
  <cols>3</cols>
  <dt>d</dt>
  <data>
    1.3048964372333628e+03 0. 6.3950000000000000e+02 0.
    1.3048964372333628e+03 5.1150000000000000e+02 0. 0. 1.</data></camera_matrix>
<distortion_coefficients type_id="opencv-matrix">
  <rows>5</rows>
  <cols>1</cols>
  <dt>d</dt>
  <data>
    -2.1032527577234680e-01 1.4518495033785159e-01 0. 0.
    5.0538887649790393e-02</data></distortion_coefficients>
<avg_reprojection_error>2.6049063185529470e-01</avg_reprojection_error>
<per_view_reprojection_errors type_id="opencv-matrix">
  <rows>20</rows>
  <cols>1</cols>
  <dt>f</dt>
  <data>
    2.30495378e-01 2.21244738e-01 2.00473845e-01 1.97060406e-01
    2.36830547e-01 2.46076137e-01 3.28738749e-01 3.61206979e-01
    1.86314166e-01 4.15896773e-01 3.25407803e-01 2.85302132e-01
    1.92763627e-01 1.99030444e-01 1.87138006e-01 3.60929012e-01
    2.63097912e-01 2.19151631e-01 1.95270449e-01 1.68568060e-01</data></per_view_reprojection_errors>
<!-- a set of 6-tuples (rotation vector + translation vector) for each view -->
<extrinsic_parameters type_id="opencv-matrix">
  <rows>20</rows>
  <cols>6</cols>
  <dt>d</dt>
  <data>
    -2.8538671318444231e-02 3.9259349343641908e-01
    -1.0184125126899694e-01 9.3467999003105149e+01
    -1.5314152919136518e+02 7.1771105686033968e+02
    -1.7446940798481456e-02 3.8702690516869037e-01
    -9.7741585972295292e-02 9.7857065163949301e+01
    -1.4875606577050101e+02 7.2127467348646803e+02
    -7.0420903637744364e-02 3.8998405510382600e-01
    -1.6163560758486531e-01 1.2578563999237566e+02
    -1.1040477647210130e+02 7.8454401349826367e+02
    -7.2260155566287912e-02 3.8742778422906177e-01
    -1.6800701671782661e-01 1.2430938552308645e+02
    -1.1329618022132573e+02 7.9366888359157360e+02
    -1.0297704966157059e-01 3.0397997366515273e-01
    -1.2763677489594921e-01 -3.3866358853965579e+01
    -1.0963510738552993e+02 7.0880813077755158e+02
    -1.5253685954832505e-01 2.5768061329849007e-01
    -5.7080450785987231e-02 -3.4965594293204042e+01
    -1.0503408405971811e+02 7.0506191403247431e+02
    -8.6612366067444047e-02 2.6062014171023012e-01
    -5.0251802315062682e-02 -1.2733379647704867e+01
    -1.2402429398703966e+01 7.2550106892746453e+02
    -8.6580361845775278e-02 2.6069535215477846e-01
    -4.1699435411076291e-02 -1.0778621167451975e+01
    -8.5848125779754785e+00 7.2573029360983048e+02
    -7.4175632225146212e-02 3.4152093325670829e-01
    9.5210647200498599e-02 4.5082569963478228e+01
    -2.1576974435773717e+01 8.7331046141074376e+02
    -1.4209164584282469e-01 2.1563888768267095e-01
    8.1797597070202024e-02 -1.7889943557929922e+01
    2.2286613519339607e+01 5.9965604257077575e+02
    -2.6166007460688086e-02 4.8762110739441739e-01
    1.0461747979308399e-01 3.9889337068704528e+01
    -3.9907399853800641e+01 1.0607464584557133e+03
    -2.2116426678394328e-02 4.8464192598044109e-01
    1.0566269578890515e-01 4.2074118139171084e+01
    -3.9567689254789670e+01 1.0674371141384704e+03
    -4.9456476116340239e-03 5.1374402432269051e-01
    9.7463380898686947e-02 5.9298328804129135e+01
    -3.5944460135925240e+01 1.1450293398575859e+03
    -1.7884350021556100e-03 5.2289332085995499e-01
    9.8208112578255152e-02 6.1027272729524178e+01
    -3.7690930964714390e+01 1.1487301536271623e+03
    -9.4017028892225182e-03 4.8283297872756464e-01
    7.5872150992493365e-02 6.7097622475278484e+01
    -1.9494099914605528e+01 1.0979841315044266e+03
    -5.1981159400856077e-02 4.0727721691966762e-01
    -1.0812921273567887e-01 1.7204237150740823e+01
    -4.4114113240928376e+01 1.0190904362664826e+03
    -5.9142705345688183e-02 4.1607638917530793e-01
    -8.5443505403812556e-02 1.7298020675449187e+01
    -4.7325477586739112e+01 1.0243224791328446e+03
    -1.6294736347013461e-01 4.8593836275992969e-01
    2.3833187289244932e-02 5.9938852712747888e+01
    -4.7080070022297996e+01 1.0538030038308798e+03
    -1.5217007269306984e-01 4.8643596905155467e-01
    9.8944037369355555e-03 6.2939650671000749e+01
    -4.1696093553195958e+01 1.0486763211185018e+03
    -8.0468324638996620e-03 4.6712825534816799e-01
    1.5563157662472512e-02 6.0662984729598833e+01
    -3.3837492565735701e+01 1.0667845749479850e+03</data></extrinsic_parameters>
