<?xml version="1.0"?>
<opencv_storage>
<nr_of_frames>20</nr_of_frames>
<image_width>1280</image_width>
<image_height>1024</image_height>
<board_width>8</board_width>
<board_height>6</board_height>
<square_size>2.5399999618530273e+01</square_size>
<fix_aspect_ratio>1.</fix_aspect_ratio>
<camera_matrix type_id="opencv-matrix">
  <rows>3</rows>
  <cols>3</cols>
  <dt>d</dt>
  <data>
    2.4983295622362716e+03 0. 6.3950000000000000e+02 0.
    2.4983295622362716e+03 5.1150000000000000e+02 0. 0. 1.</data></camera_matrix>
<distortion_coefficients type_id="opencv-matrix">
  <rows>5</rows>
  <cols>1</cols>
  <dt>d</dt>
  <data>
    -1.4303872462430339e-01 4.0786170153807255e-01 0. 0.
    4.0563548833532206e+00</data></distortion_coefficients>
<avg_reprojection_error>4.7727900303694454e-01</avg_reprojection_error>
<per_view_reprojection_errors type_id="opencv-matrix">
  <rows>20</rows>
  <cols>1</cols>
  <dt>f</dt>
  <data>
    1.85481608e+00 2.48748794e-01 2.41472960e-01 1.62990272e-01
    1.52361363e-01 2.07741886e-01 1.85966641e-01 3.52877885e-01
    2.91245252e-01 2.72500664e-01 2.84780383e-01 3.03075373e-01
    2.62344241e-01 2.53906488e-01 2.22290397e-01 2.31860682e-01
    2.38292918e-01 2.24392876e-01 2.25487426e-01 1.29821301e-01</data></per_view_reprojection_errors>
<!-- a set of 6-tuples (rotation vector + translation vector) for each view -->
<extrinsic_parameters type_id="opencv-matrix">
  <rows>20</rows>
  <cols>6</cols>
  <dt>d</dt>
  <data>
    -1.5189048085554557e-01 2.0358319726887236e-01
    -3.4510976738714561e-02 2.4228109704245472e+01
    -1.1929632444300327e+02 1.0873208544340148e+03
    -1.4321568383591096e-01 2.1428588026594797e-01
    -8.8738259874728012e-02 5.7139839537561350e+01
    -8.9827150937030012e+01 1.0108820269571430e+03
    -1.4388985743741051e-01 2.0740442454382549e-01
    -8.7046306754175004e-02 5.3773076097629819e+01
    -8.5817986929167120e+01 1.0079048174545688e+03
    -1.8279052916897048e-01 -7.9603858751523551e-02
    -7.7524351197995389e-02 -1.6542404599601866e+02
    2.2140175587235071e+01 1.0158118773290162e+03
    -1.7281106906871574e-01 -6.1114643816531554e-02
    -7.5926984018710203e-02 -1.6812714570429029e+02
    2.0178047819677950e+01 1.0353781015920044e+03
    -6.7289639032950002e-02 1.2191890501597306e-01
    -5.8377729677584533e-02 -1.9316777888383200e+02
    1.7632725434765671e+01 1.1922798445083736e+03
    -7.6540636724392333e-02 9.1723681053016745e-02
    -5.7309744269565151e-02 -1.9410945424399435e+02
    1.6342427041078484e+01 1.1619613432032409e+03
    -6.7139902166380341e-02 -2.9034242948363848e-01
    -3.4111509779769478e-01 -1.2247314926600944e+02
    2.2363695040131692e+01 7.9525944359786138e+02
    -5.5065629408284487e-02 -2.8683014788633082e-01
    -3.6996871793788799e-01 -1.2069468756869274e+02
    2.4676444009208673e+01 7.9756072434177406e+02
    -4.7112805522942142e-02 -2.8661454715290002e-01
    -3.9082226022545186e-01 -1.1918811233185491e+02
    2.5193316653448697e+01 7.9910805013846755e+02
    -4.0411752055666279e-02 -2.8897513429897675e-01
    -4.1359259805867454e-01 -1.1714105967371631e+02
    2.5548522884367951e+01 8.0060721593682058e+02
    -3.7826710043602066e-02 -2.8875905074971958e-01
    -4.3333890648690787e-01 -1.1498976410616017e+02
    2.5956572455726622e+01 8.0236713914902873e+02
    -2.5344825901657268e-02 -2.8923657809427911e-01
    -4.6626481940137132e-01 -1.0958670914166720e+02
    2.9920474309910436e+01 8.0755329945694211e+02
    -2.4420524017741075e-02 -2.8492005171480328e-01
    -4.7158535359794684e-01 -1.0869380062407190e+02
    3.1391506668769814e+01 8.0948721962497325e+02
    -8.8145382170510669e-02 -1.3019119823928352e-01
    -3.5152865599248523e-01 -1.7581160397776898e+02
    -3.6335158114144754e+01 8.7053487569840206e+02
    -8.9675529030162918e-02 -1.3489964203889282e-01
    -3.4574979436610564e-01 -1.7656168770177817e+02
    -3.7492913110363737e+01 8.6859135775908612e+02
    -9.4046172520361196e-02 -1.3794095865065450e-01
    -3.4298686982587973e-01 -1.7698952240614906e+02
    -3.7964848057900916e+01 8.6680070576382502e+02
    -9.5965190593722258e-02 -1.6715153224884924e-01
    -3.4181639367777228e-01 -1.7570360250872972e+02
    -2.9690639871217886e+01 8.6183013405231998e+02
    -9.9392516744404399e-02 -1.7335556302238525e-01
    -3.4395072397588927e-01 -1.7500173710368711e+02
    -2.7769885032836580e+01 8.6523296196702051e+02
    -3.2988948067010658e-02 -3.9344642664738604e-02
    9.4667480126250078e-02 -1.8972577596501040e+02
    -2.5301919916090199e+01 1.1339036939537771e+03</data></extrinsic_parameters>
