<?xml version="1.0"?>
<opencv_storage>
<nr_of_frames>20</nr_of_frames>
<image_width>1920</image_width>
<image_height>1200</image_height>
<board_width>8</board_width>
<board_height>6</board_height>
<square_size>2.5399999618530273e+01</square_size>
<fix_aspect_ratio>1.</fix_aspect_ratio>
<camera_matrix type_id="opencv-matrix">
  <rows>3</rows>
  <cols>3</cols>
  <dt>d</dt>
  <data>
    2.0776111461990995e+03 0. 9.5950000000000000e+02 0.
    2.0776111461990995e+03 5.9950000000000000e+02 0. 0. 1.</data></camera_matrix>
<distortion_coefficients type_id="opencv-matrix">
  <rows>5</rows>
  <cols>1</cols>
  <dt>d</dt>
  <data>
    -3.9149518282434959e-02 -8.3359867341201577e-01 0. 0.
    4.0599783170692580e+00</data></distortion_coefficients>
<avg_reprojection_error>4.3770645804948333e-01</avg_reprojection_error>
<per_view_reprojection_errors type_id="opencv-matrix">
  <rows>20</rows>
  <cols>1</cols>
  <dt>f</dt>
  <data>
    6.27556145e-01 4.84515607e-01 5.58401287e-01 5.28598964e-01
    4.11511302e-01 4.06843871e-01 3.98682147e-01 3.24881375e-01
    3.47631544e-01 3.84589702e-01 3.84929329e-01 3.66710693e-01
    4.22050536e-01 4.09061372e-01 5.35512984e-01 3.89847934e-01
    4.18785155e-01 4.18299377e-01 4.08679098e-01 3.99471402e-01</data></per_view_reprojection_errors>
<!-- a set of 6-tuples (rotation vector + translation vector) for each view -->
<extrinsic_parameters type_id="opencv-matrix">
  <rows>20</rows>
  <cols>6</cols>
  <dt>d</dt>
  <data>
    -5.3156530335472955e-02 -5.5497444856379818e-01
    -2.2673389312907386e-02 -6.5485352542983321e+01
    -9.6054644677854640e+01 6.7278689852662433e+02
    1.2961810540055846e-01 -5.5165783406451718e-01
    -1.2810670757147977e-01 -1.0812140973998608e+02
    -8.5347073969238153e+01 6.4201286073754045e+02
    2.1607341357275878e-01 -6.0096527390079690e-01
    -1.6023455854755331e-01 -6.4466498285560888e+01
    -1.0692408021769693e+02 7.5598218463732292e+02
    1.2719542669841707e-01 -5.4888161037690375e-01
    -1.3115502176468744e-01 -4.9574964961473341e+01
    -1.0052579129143552e+02 7.2494943665961046e+02
    1.8239343414687684e-01 -9.5661299126663157e-02
    -1.2385128601779169e-01 -3.2582988976904979e+01
    -7.1416100362063574e+01 7.8301612247735159e+02
    1.9480969884825017e-01 -1.9512473453907313e-02
    -1.5743907143401412e-01 -2.5607540876195714e+01
    -7.9811545990791188e+01 7.7881458565634375e+02
    1.4404603068825875e-01 3.8957727104613260e-02
    -1.3591798484276055e-01 -4.2604440633897276e+01
    -6.7721198962897986e+01 6.6703639494379149e+02
    7.5620503111298823e-02 1.1549710289349653e-01
    -1.2226312602507584e-01 -4.4234358756848280e+01
    -3.8610455386379464e+01 5.2320245345267369e+02
    7.4800676582579606e-02 1.1449067696485782e-01
    -1.2303494554538624e-01 -4.4145086970562659e+01
    -3.9854873099418697e+01 5.2558815989773450e+02
    1.9677793624066506e-01 -2.0717966234286800e-01
    -1.1819183200592986e-01 -5.2800372650757403e+01
    -4.8592075188320329e+01 7.5847202665380019e+02
    2.0083926989687487e-01 -2.2779732723901067e-01
    -1.2670848278921706e-01 -5.2683474392707488e+01
    -5.4216041152109042e+01 7.7105670501438021e+02
    2.1699361821409335e-01 -2.0976458562363728e-01
    -1.1893507180341151e-01 -5.0128521680705610e+01
    -5.9129923712997048e+01 7.6509094622263967e+02
    2.2062921912496442e-01 -1.8408118524009379e-01
    -1.4110344790886165e-01 -3.8911679770216757e+01
    -6.3231530863696534e+01 7.3820451712824524e+02
    2.1214576205584876e-01 -1.5663022164997739e-01
    -2.8528088935848733e-01 -3.4907450663283136e+01
    -5.1841990699215359e+01 7.2908964602931690e+02
    2.2027650959072045e-01 -1.9591333108520409e-01
    -3.3286512700201110e-01 -4.3429827992880634e+00
    -4.0419349290965364e+01 7.3723024764453010e+02
    1.8066180300802975e-01 -2.3100090957175842e-01
    4.8115231131881736e-02 -6.7580368152118851e+01
    -8.8287661103844798e+01 7.0499921111054550e+02
    2.0505818385826535e-01 -2.3019314649766487e-01
    -1.8723919581761263e-02 -7.1702415377219538e+01
    -8.0585805841274066e+01 6.8278093571275781e+02
    1.9309176738666198e-01 -2.0239201532558146e-01
    -4.9354479986704974e-02 -6.4888153962538937e+01
    -6.0231333140355140e+01 6.2318272225523617e+02
    1.7563225083280493e-01 -1.6237624457286384e-01
    -5.3126684719768426e-02 -6.1812399310565915e+01
    -4.5455606529086715e+01 5.7857153440755928e+02
    1.8389959927894040e-01 -1.6630485377537468e-01
    -6.3656139885901353e-02 -5.8217658360188111e+01
    -4.6120178876897860e+01 5.8045303937524591e+02</data></extrinsic_parameters>
