<?xml version="1.0"?>
<opencv_storage>
<nr_of_frames>20</nr_of_frames>
<image_width>1920</image_width>
<image_height>1200</image_height>
<board_width>8</board_width>
<board_height>6</board_height>
<square_size>25.</square_size>
<fix_aspect_ratio>1.</fix_aspect_ratio>
<camera_matrix type_id="opencv-matrix">
  <rows>3</rows>
  <cols>3</cols>
  <dt>d</dt>
  <data>
    1.1427496946764734e+03 0. 9.5950000000000000e+02 0.
    1.1427496946764734e+03 5.9950000000000000e+02 0. 0. 1.</data></camera_matrix>
<distortion_coefficients type_id="opencv-matrix">
  <rows>5</rows>
  <cols>1</cols>
  <dt>d</dt>
  <data>
    -1.7122959328334197e-01 -9.9593441906619495e-01 0. 0.
    1.5681056505599459e+01</data></distortion_coefficients>
<avg_reprojection_error>7.7955149595392029e-02</avg_reprojection_error>
<per_view_reprojection_errors type_id="opencv-matrix">
  <rows>20</rows>
  <cols>1</cols>
  <dt>f</dt>
  <data>
    9.97728184e-02 9.45915431e-02 1.01494431e-01 8.58001038e-02
    9.56661403e-02 1.05986349e-01 9.60728377e-02 1.30357519e-01
    5.85437007e-02 5.23412079e-02 5.72674014e-02 5.25230467e-02
    5.14481775e-02 5.61136939e-02 5.26514649e-02 5.03824688e-02
    4.93846051e-02 4.74641174e-02 4.96458001e-02 8.88771787e-02</data></per_view_reprojection_errors>
<!-- a set of 6-tuples (rotation vector + translation vector) for each view -->
<extrinsic_parameters type_id="opencv-matrix">
  <rows>20</rows>
  <cols>6</cols>
  <dt>d</dt>
  <data>
    -2.4219620161370612e-02 2.5527299656851843e-01
    1.9466950012657289e-01 6.7585502152121123e+01
    -1.5135041407365742e+02 1.3330027605746195e+03
    -2.9451335004103341e-02 2.6096901050449084e-01
    2.0647865913306787e-01 6.3646025778107798e+01
    -1.4673189804847044e+02 1.3360089776362120e+03
    -3.7008691723215331e-02 2.6929639716050668e-01
    2.0533418101787651e-01 6.2010489271548906e+01
    -1.4384352292007867e+02 1.3389665791721388e+03
    1.3489791284512305e-02 2.1888966926545433e-01 2.3134535190592515e-01
    8.5019773781429990e+01 -1.6324550136477504e+02
    1.3226998802370495e+03 2.5959739043312259e-02 2.9538966028186109e-01
    2.5089867731814941e-01 7.5287430397959000e+01
    -2.0466655791436673e+02 1.4521677810743474e+03
    8.0981719067911156e-02 3.7564911448651478e-01 2.2761100311279189e-01
    7.4748606100970704e+01 -2.0696086825526388e+02
    1.5698844451050811e+03 9.8675319288292235e-02 3.5234668756699528e-01
    6.5104458210946936e-01 8.5776777734819959e+01
    -2.3807192306883741e+02 1.5840824078060500e+03
    2.7158235820047782e-02 3.2136481345362200e-01 7.3909569965223509e-01
    8.8030812678594202e+01 -2.5088600882652719e+02
    1.5831756514407621e+03 2.0719332857098388e-01 1.4354885124763778e-01
    1.2954795225294624e+00 1.4947349833105451e+02
    -2.7558489139197997e+02 1.4889942171748571e+03
    2.1199462578871162e-01 1.2920217976733034e-01 1.3004039140654804e+00
    1.4979244530059913e+02 -2.7653211682164255e+02
    1.4872629708332915e+03 2.1124913798588296e-01 1.2160658097021143e-01
    1.3014872221085343e+00 1.4965155663046068e+02
    -2.7715695955802084e+02 1.4868418798520231e+03
    2.1428938374284848e-01 1.2317250336928097e-01 1.2992989341142256e+00
    1.4919327988376895e+02 -2.7730115198609798e+02
    1.4873912813245527e+03 2.1754865141508575e-01 1.2366887912629963e-01
    1.2978310525424162e+00 1.4905890946178323e+02
    -2.7705376334853815e+02 1.4876906476554707e+03
    2.1764061417492961e-01 1.1774388496939628e-01 1.2997451103911399e+00
    1.4942491927233502e+02 -2.7656693678517632e+02
    1.4875894694485567e+03 2.2075064382680332e-01 1.0922064012470516e-01
    1.3004761868720063e+00 1.5006950082608233e+02
    -2.7508077234384098e+02 1.4867182932281769e+03
    2.1932374665331775e-01 1.0027424851429736e-01 1.3026713082752199e+00
    1.5040486468737922e+02 -2.7493206953289246e+02
    1.4848076984039083e+03 2.1690695801382776e-01 9.0944045362884668e-02
    1.3015566366371818e+00 1.5086224857681447e+02
    -2.7389519537170787e+02 1.4814311258333232e+03
    2.1659627821382516e-01 8.3445254978562464e-02 1.2965382867261297e+00
    1.5038067251493780e+02 -2.7349768593616437e+02
    1.4803231284845963e+03 2.0376221193796340e-01 6.5554616060290324e-02
    1.2698727742012663e+00 1.4423461249307692e+02
    -2.7768595550689361e+02 1.4771833960327278e+03
    1.9013474573218320e-01 5.8930879656586277e-02 1.2330029330000642e+00
    1.3770692919849307e+02 -2.8013635797516434e+02
    1.4735881692692242e+03</data></extrinsic_parameters>
