<?xml version="1.0"?>
<opencv_storage>
<nr_of_frames>50</nr_of_frames>
<image_width>656</image_width>
<image_height>492</image_height>
<board_width>8</board_width>
<board_height>6</board_height>
<square_size>2.5399999618530273e+01</square_size>
<fix_aspect_ratio>1.</fix_aspect_ratio>
<camera_matrix type_id="opencv-matrix">
  <rows>3</rows>
  <cols>3</cols>
  <dt>d</dt>
  <data>
    8.9787275333300897e+02 0. 3.2750000000000000e+02 0.
    8.9787275333300897e+02 2.4550000000000000e+02 0. 0. 1.</data></camera_matrix>
<distortion_coefficients type_id="opencv-matrix">
  <rows>5</rows>
  <cols>1</cols>
  <dt>d</dt>
  <data>
    -7.1379849525027628e-02 4.0179358002571117e+00 0. 0.
    -2.0863576110370170e+02</data></distortion_coefficients>
<avg_reprojection_error>1.6037874638312346e+00</avg_reprojection_error>
<per_view_reprojection_errors type_id="opencv-matrix">
  <rows>50</rows>
  <cols>1</cols>
  <dt>f</dt>
  <data>
    4.40527153e+00 2.68586874e-01 2.71742195e-01 2.89031744e-01
    2.83191174e-01 2.01013401e-01 2.10507244e-01 3.49239111e+00
    3.44104409e+00 3.34051919e+00 3.11180592e-01 3.07741165e-01
    2.94672370e-01 2.75136471e-01 3.38440728e+00 2.03326747e-01
    4.08917046e+00 2.21601292e-01 2.38293454e-01 2.86940962e-01
    2.49977142e-01 1.84283346e-01 1.75604731e-01 2.63981879e-01
    2.49792993e-01 2.67283171e-01 3.24196786e-01 3.54389548e-01
    3.56549680e-01 3.38466734e-01 3.18440050e-01 2.78423131e-01
    2.02756956e-01 1.90776959e-01 1.96812123e-01 2.05959603e-01
    4.12233591e+00 3.37644041e-01 3.56710017e-01 4.02245331e+00
    3.07558084e+00 2.68605828e-01 3.21553349e-01 3.24969083e-01
    2.80177027e-01 3.46487522e-01 3.18357140e-01 2.96353370e-01
    2.90229708e-01 2.86224365e-01</data></per_view_reprojection_errors>
<!-- a set of 6-tuples (rotation vector + translation vector) for each view -->
<extrinsic_parameters type_id="opencv-matrix">
  <rows>50</rows>
  <cols>6</cols>
  <dt>d</dt>
  <data>
    -2.9556367604271627e-01 -1.0507567167142302e-01
    9.2477187664972232e-02 -9.1510673060947951e+01
    -1.3475011526097435e+02 1.3518874650699374e+03
    1.9424916502218509e-01 9.5942481090073028e-02 5.0938333387252829e-02
    -1.2216730027994367e+02 -1.4065692702536271e+02
    1.3411530326213121e+03 2.2560483053875019e-01 7.1210316506963883e-02
    5.3328999737346228e-02 -1.2656787101838184e+02
    -1.4142999503482793e+02 1.3349810351513975e+03
    2.4639137568952321e-01 5.2207347842700473e-02 4.6896704821803074e-02
    -1.3224483057095640e+02 -1.4202206550444805e+02
    1.3308877923565974e+03 2.5120477133570540e-01 2.8974391760241282e-02
    3.0428425739006074e-02 -1.3930247587026338e+02
    -1.4251746063898133e+02 1.3309418358153912e+03
    1.5858952530862175e-01 -5.3285842678383870e-02
    -3.7929688368784846e-02 -1.9291313754382216e+02
    -1.4740640092406051e+02 1.3580312429263031e+03
    1.5880203964913042e-01 -6.4675954375230119e-02
    -5.4988260006391357e-02 -2.0516319011748141e+02
    -1.4780951447235634e+02 1.3614665402478338e+03
    1.6393175283736366e-01 -3.2749921263213400e-01
    -1.5627041674048078e-01 -2.3425517982730273e+02
    -1.3100995990858911e+02 1.3092508451409515e+03
    1.5816531354020197e-01 -3.2214819010480933e-01
    -1.8059941313987635e-01 -2.4230732220271813e+02
    -1.2794636024027754e+02 1.3161000575268110e+03
    1.0528067704371871e-01 -3.3499295480487867e-01
    -2.6595903551757083e-01 -2.6416698086375857e+02
    -1.1868205581092518e+02 1.3323116924181411e+03
    2.0992894519724042e-01 1.0255720880445667e-02
    -2.6111388793728851e-01 -2.4922721734967234e+02
    -1.1881695892643411e+02 1.4015845801377711e+03
    2.0183748508546887e-01 5.0414252459060449e-02
    -2.2171927344164405e-01 -2.1491529671211771e+02
    -1.2672875196118196e+02 1.4046073568632262e+03
    1.9918576451927916e-01 4.9256638834281136e-02
    -2.0315219963673931e-01 -2.0892078816397395e+02
    -1.3030297258771574e+02 1.4036889844076677e+03
    1.8596718026451564e-01 4.7956468236369607e-02
    -1.8110217382549901e-01 -2.0246440660164015e+02
    -1.3457814799413876e+02 1.4042495458598862e+03
    1.3865959189947780e-01 -2.9624683599394364e-01
    -1.1603350199079715e-01 -1.7247244972820411e+02
    -1.4271924982023762e+02 1.3312268308894747e+03
    2.0194222224169311e-01 -8.8107154242469989e-03
    3.2327057295895967e-02 -1.5254832599101596e+02
    -1.6183323996059292e+02 1.3885787974359941e+03
    -7.8805523427946444e-02 3.1127985633874432e-02
    1.6701802981763808e-01 -1.2339604426341398e+02
    -1.6906915526029329e+02 1.3690285517402601e+03
    1.5417631941697696e-01 -7.6523474974432404e-02
    2.6574083891584344e-01 -9.9650538390546714e+01
    -1.7283797633500586e+02 1.3872929474539537e+03
    1.6011147307919610e-01 -8.7153467792030564e-02
    2.8496471695765363e-01 -9.5576591088895995e+01
    -1.7176756878799969e+02 1.3856446186825219e+03
    2.0164456644908282e-01 -8.8644542293545167e-02
    3.4206889143439206e-01 -8.3214623550537951e+01
    -1.6877331475833236e+02 1.3771883093898659e+03
    2.0794839198957604e-01 -7.1517969076313095e-02
    2.8676096388044359e-01 -9.9860062241161984e+01
    -1.7208871182732662e+02 1.3781906958492546e+03
    1.8303148809675596e-01 -6.6843852207944726e-02
    1.6535163707597689e-01 -1.3002929977646190e+02
    -1.7656291707035919e+02 1.3846343228692435e+03
    1.7494085335022908e-01 -6.9354313272375068e-02
    1.6314663165244856e-02 -1.6146675776514368e+02
    -1.7159350688345711e+02 1.3880256096779829e+03
    2.1906931987866685e-01 -3.5486199442025509e-02
    -1.2347627669384520e-01 -1.8703793683458406e+02
    -1.5304902603584097e+02 1.3910375517444852e+03
    2.1812105511428870e-01 -3.0099032293439541e-02
    -1.5021267883882072e-01 -1.9115075307441035e+02
    -1.4927166874524562e+02 1.3919466160423319e+03
    2.0856067744111467e-01 -1.7207288212386998e-02
    -2.1308186958316711e-01 -1.9935936474362967e+02
    -1.4064173403325714e+02 1.3955307318326331e+03
    2.0256335453670640e-01 -4.0095398451213300e-03
    -3.3258952687949528e-01 -2.0865552339147379e+02
    -1.1777589009742597e+02 1.4018648330683402e+03
    1.9428389015378997e-01 6.6366654474170651e-03
    -4.2648437341739098e-01 -2.1199014321784026e+02
    -9.6000629918739236e+01 1.4062260763332240e+03
    2.0398261837962864e-01 -6.5177905994417214e-04
    -4.3294422221999707e-01 -2.0656815009572139e+02
    -9.1786739987503310e+01 1.4037566366856904e+03
    1.9648847120673138e-01 1.7796905644047851e-03
    -4.2245154387047201e-01 -2.0481935494566463e+02
    -9.4295244485015857e+01 1.4035804019034817e+03
    1.8292389544674520e-01 -8.1294983520030818e-03
    -3.2791768921942194e-01 -1.9519149908745618e+02
    -1.1797655684585094e+02 1.4010093944468035e+03
    1.8170973312111466e-01 -1.1142949674109066e-02
    -2.9964481496417650e-01 -1.9291994658157384e+02
    -1.2363343287932892e+02 1.4006035064727821e+03
    1.4481231920895532e-01 -3.7030655300567775e-02
    -1.5081423795344095e-01 -1.8196275693596408e+02
    -1.5010214025268164e+02 1.4039740398180163e+03
    1.2980982739987848e-01 -3.5925397314977930e-02
    -1.1940771678810826e-01 -1.7978206400553012e+02
    -1.5493961835752938e+02 1.4060383670797230e+03
    1.4356210161860608e-01 -7.5106106484101237e-02
    6.8127302794616833e-03 -1.7155639745036262e+02
    -1.6431118408314177e+02 1.4037453283113900e+03
    1.4930096608168919e-01 -8.2895760829900078e-02
    2.8336373870708843e-02 -1.7023162422038195e+02
    -1.6421546442930477e+02 1.4029154614821855e+03
    -3.0204148389155183e-01 -7.1914253088153218e-02
    1.7806860299800606e-01 -1.5431850979857077e+02
    -1.6020690678623737e+02 1.4018148650858047e+03
    1.8557822058150036e-01 -1.1219761864899168e-01
    2.3488521631663217e-01 -1.5352593991010758e+02
    -1.5420782614816170e+02 1.4082385336912948e+03
    1.9567594502864882e-01 -1.1113211685248606e-01
    2.3121092674957186e-01 -1.5619848912540766e+02
    -1.5299278788934490e+02 1.4070735848897716e+03
    -3.1480895137177711e-01 -8.5018533199450005e-02
