<?xml version="1.0"?>
<opencv_storage>
<nr_of_frames>20</nr_of_frames>
<image_width>656</image_width>
<image_height>492</image_height>
<board_width>8</board_width>
<board_height>6</board_height>
<square_size>24.</square_size>
<fix_aspect_ratio>1.</fix_aspect_ratio>
<camera_matrix type_id="opencv-matrix">
  <rows>3</rows>
  <cols>3</cols>
  <dt>d</dt>
  <data>
    1.0533273586194364e+03 0. 3.2750000000000000e+02 0.
    1.0533273586194364e+03 2.4550000000000000e+02 0. 0. 1.</data></camera_matrix>
<distortion_coefficients type_id="opencv-matrix">
  <rows>5</rows>
  <cols>1</cols>
  <dt>d</dt>
  <data>
    -2.2302349750544409e-01 -7.1114240176414301e-01 0. 0.
    4.9955648293538939e+00</data></distortion_coefficients>
<avg_reprojection_error>4.5481873233711767e-01</avg_reprojection_error>
<per_view_reprojection_errors type_id="opencv-matrix">
  <rows>20</rows>
  <cols>1</cols>
  <dt>f</dt>
  <data>
    3.59678864e-01 5.18868923e-01 7.29653776e-01 8.05022418e-01
    5.02894521e-01 3.90990883e-01 3.76805365e-01 3.76434207e-01
    3.73877108e-01 2.49998331e-01 2.56805331e-01 2.62418240e-01
    2.72764415e-01 1.96682528e-01 2.13332713e-01 2.24350944e-01
    2.46178851e-01 2.58256137e-01 1.08163607e+00 1.59465834e-01</data></per_view_reprojection_errors>
<!-- a set of 6-tuples (rotation vector + translation vector) for each view -->
<extrinsic_parameters type_id="opencv-matrix">
  <rows>20</rows>
  <cols>6</cols>
  <dt>d</dt>
  <data>
    5.6483678129952648e-02 -5.9237147815896252e-01
    -4.0939172689644698e-02 -1.7155528889309883e+02
    1.9324561133560113e+01 5.8948592436491140e+02 1.8630798634752838e-01
    -4.4528492724422297e-01 -6.3324259157385399e-01
    -1.6985184683432340e+02 2.2052078429140082e+01
    5.4561589881039606e+02 2.5559585917577416e-02
    -3.8233810283682312e-01 -5.2742573835056206e-01
    -1.0768801362235742e+02 -4.8181725318092951e+01
    5.2566776151472470e+02 6.4883628437821701e-03
    -3.7819047909793679e-01 -5.8636534322527678e-01
    -1.1540120227783135e+02 -3.5291399314027132e+01
    5.2372963543937897e+02 1.7108429002733752e-01
    -4.7708374019102767e-01 -4.9334394759127792e-01
    -1.3082059968515873e+02 -4.0096162242909411e-01
    5.1842411938411738e+02 -1.0706891832295531e-01
    -4.8949344495510472e-01 1.6819871347134593e-01
    -1.1033212986150444e+02 -4.7026331208265574e+01
    5.1162885245874702e+02 -1.1043207717855939e-01
    -5.5517071177070731e-01 1.0443689676866043e-01
    -1.1606204594162818e+02 -1.7699795836999780e+01
    5.2459479863900276e+02 -9.5641657366912367e-02
    -5.6654015445930161e-01 9.2381767321396788e-02
    -1.1883502491155880e+02 -1.1999000614762767e+01
    5.3032583782639983e+02 -4.9732605422944318e-02
    -6.1240176552338244e-01 9.6158931162452541e-02
    -1.3258907190496708e+02 4.0082870608273069e+00
    5.4632245346466061e+02 -6.6613072261674483e-02
    -4.6060672668520342e-01 -1.0889246125708602e-03
    -1.4009365355570188e+02 1.6981703267733629e+01
    6.2175851505969820e+02 -4.7664073255787046e-02
    -4.1872743785029665e-01 -1.1696969026244272e-02
    -1.4790946229328625e+02 1.9363666588719042e+01
    6.3289644955018764e+02 -1.9267873581700037e-02
    -4.0328649699047014e-01 1.6326225377805505e-02
    -1.8195045349656607e+02 2.7809547159591251e+01
    6.6611513399446869e+02 -1.1151758157286208e-01
    -3.4035154510081095e-01 1.9261171515794540e-02
    -1.9244840906603304e+02 3.4197412833336337e+01
    6.9082868178361525e+02 -7.3705391714661936e-02
    -3.9792324278455132e-01 1.8403902548785687e-02
    -1.6258571772194992e+02 3.5094604389373522e+01
    7.6197412188483406e+02 -1.1612063201754559e-01
    -4.4472579680475155e-01 -1.1389916987731737e-02
    -1.4963139501151028e+02 2.0749215816037797e+01
    8.1933939655510665e+02 -1.3061705192180767e-01
    -4.7776984261623834e-01 -5.5267245183086171e-02
    -1.6295807806329137e+02 1.2344179884082497e+01
    8.5321060057549528e+02 -6.0625401196946392e-02
    -5.4551539464163157e-01 -9.5518413298522051e-02
    -2.0938735370129493e+02 8.0539550597042417e+00
    8.6214174208334532e+02 -8.7051545483913945e-02
    -6.2284114888731068e-01 -7.3472424607312764e-02
    -2.3747830108726350e+02 1.4955284432826389e+01
    8.4860552461948475e+02 -4.4586536593630588e-01
    -1.2196152312609077e-01 1.4230241265187977e+00
    -8.8590298300067843e+01 -4.7039759631552442e+01
    9.0219633027864404e+02 -3.7297328290949239e-01
    -2.7408619225679093e-01 1.4976378398609300e+00
    -1.9645913189627308e+01 -5.1243864709497601e+01
    9.4540988226700961e+02</data></extrinsic_parameters>
