<?xml version="1.0"?>
<opencv_storage>
<nr_of_frames>30</nr_of_frames>
<image_width>656</image_width>
<image_height>492</image_height>
<board_width>8</board_width>
<board_height>5</board_height>
<square_size>4.2799999237060547e+01</square_size>
<fix_aspect_ratio>1.</fix_aspect_ratio>
<camera_matrix type_id="opencv-matrix">
  <rows>3</rows>
  <cols>3</cols>
  <dt>d</dt>
  <data>
    1.2809445082225793e+03 0. 3.2750000000000000e+02 0.
    1.2809445082225793e+03 2.4550000000000000e+02 0. 0. 1.</data></camera_matrix>
<distortion_coefficients type_id="opencv-matrix">
  <rows>5</rows>
  <cols>1</cols>
  <dt>d</dt>
  <data>
    -8.8832008547328201e-01 2.2562245255199670e+01 0. 0.
    -2.4611669846601097e+02</data></distortion_coefficients>
<avg_reprojection_error>1.5520449552581789e-01</avg_reprojection_error>
<per_view_reprojection_errors type_id="opencv-matrix">
  <rows>30</rows>
  <cols>1</cols>
  <dt>f</dt>
  <data>
    1.77969187e-01 1.53267726e-01 1.46065861e-01 1.56943887e-01
    1.55809686e-01 1.64521620e-01 1.53400391e-01 1.49187893e-01
    1.44162491e-01 1.29039273e-01 1.30027324e-01 1.37816429e-01
    1.40466943e-01 1.43300012e-01 1.51607260e-01 1.43919572e-01
    1.52492106e-01 1.42946884e-01 1.60589054e-01 1.58353478e-01
    1.65877938e-01 1.64432257e-01 1.65608481e-01 1.49142548e-01
    1.52499750e-01 1.64972961e-01 1.42642871e-01 1.82512537e-01
    1.77318782e-01 1.80953979e-01</data></per_view_reprojection_errors>
<!-- a set of 6-tuples (rotation vector + translation vector) for each view -->
<extrinsic_parameters type_id="opencv-matrix">
  <rows>30</rows>
  <cols>6</cols>
  <dt>d</dt>
  <data>
    1.3149017651727016e-01 -2.8342163274469586e-02
    3.0989047990805916e+00 2.2981920855472629e+02
    -2.4903350381322718e+02 2.2408064677953480e+03
    1.3413675465449318e-01 -4.4911743891211636e-02
    3.1015770223531218e+00 2.2982547791156600e+02
    -2.4627625486463015e+02 2.2407933149946416e+03
    1.0698665041175767e-01 -5.0576234086112060e-02
    3.1022693708122056e+00 2.3072297585897562e+02
    -2.4478487061379690e+02 2.2438615836908921e+03
    1.2475297401125654e-01 -3.0213519343700250e-02
    3.1092337054768353e+00 2.3087041022553177e+02
    -2.4289240877171952e+02 2.2388017790102062e+03
    1.1724881699143466e-01 -3.0639125965970748e-02
    3.1108280581595089e+00 2.3109916152366483e+02
    -2.4275341436768025e+02 2.2374193426204915e+03
    9.9919065894632592e-02 -3.7209462332691491e-02
    3.1037218978706558e+00 2.3037017077510481e+02
    -2.4473363171802944e+02 2.2390757293063634e+03
    1.0230562594775908e-01 -4.8867103025474319e-02
    3.0930720812692725e+00 2.2825491245076523e+02
    -2.4565930791733396e+02 2.2339990462912901e+03
    9.7899381615933034e-02 -6.4658165314062238e-02
    3.0843397339325000e+00 2.2640826617183242e+02
    -2.4679268744392519e+02 2.2329107819165033e+03
    6.2124708098755782e-02 -3.1033186735749795e-02
    3.0465440977380251e+00 1.9327055310723841e+02
    -2.5074582291892091e+02 2.2435270626956058e+03
    5.7515513830974238e-02 -3.9538014372489765e-02
    3.0454045025955865e+00 1.8964723964436939e+02
    -2.4936803651930592e+02 2.2440540184533425e+03
    6.1035092675017368e-02 -4.0651680033342297e-02
    3.0396130814164621e+00 1.8610884957492968e+02
    -2.4870365608417356e+02 2.2419760429903586e+03
    6.9248006996820516e-02 -4.7899098501579584e-02
    3.0305472955904245e+00 1.8266870949392910e+02
    -2.4817964832815051e+02 2.2380885457857503e+03
    8.5557611396795852e-02 -5.9049665005468398e-02
    3.0267237528809470e+00 1.7872982252050289e+02
    -2.4525308094442789e+02 2.2330881186413453e+03
    9.6061282851234969e-02 -8.3762249171755024e-02
    3.0312207662084454e+00 1.7631279979285046e+02
    -2.4146122744678425e+02 2.2302219168694464e+03
    1.0268219136051016e-01 -7.7817353332734970e-02
    3.0404699650385383e+00 1.7547334658630248e+02
    -2.4040360905465843e+02 2.2292737975830969e+03
    1.1149781356160418e-01 -7.2894169586205246e-02
    3.0517091372986762e+00 1.7554592105670622e+02
    -2.3761005466512430e+02 2.2293424418347940e+03
    1.2311922499881321e-01 -6.7388809580683620e-02
    3.0653190755186328e+00 1.7559637847309185e+02
    -2.3402512904933258e+02 2.2273937783081692e+03
    1.2667368326485035e-01 -5.9553477479044957e-02
    3.0739373948707969e+00 1.7696847695559384e+02
    -2.3288228532144001e+02 2.2265602266883398e+03
    1.2796688360983344e-01 -6.7069088798833373e-02
    3.0804147882497825e+00 1.7917106315663966e+02
    -2.3221043013735220e+02 2.2270902248957018e+03
    1.3117033095711092e-01 -5.6882193702230473e-02
    3.0868511610383509e+00 1.8152479427985634e+02
    -2.3234469272436499e+02 2.2282866614233385e+03
    1.2739318759199650e-01 -5.0683078185549853e-02
    3.0906765433920591e+00 1.8441165116005212e+02
    -2.3247672429633047e+02 2.2318473620466407e+03
    1.2665057778300823e-01 -4.3783777149472104e-02
    3.0937646244234012e+00 1.8767383244570303e+02
    -2.3273446293821411e+02 2.2339691636723901e+03
    1.3246008065928958e-01 -4.0904113367963742e-02
    3.0991894099692976e+00 1.9043120569528085e+02
    -2.3232301341205010e+02 2.2329583735309316e+03
    1.3546638882144618e-01 -3.4193340138351715e-02
    3.1078280087520596e+00 1.9334887069323503e+02
    -2.3209155680217347e+02 2.2325629069101069e+03
    1.3881044753952257e-01 -4.3881203151823249e-02
    3.1202613147162208e+00 1.9590596308780599e+02
    -2.3031954788041770e+02 2.2326554039290745e+03
    1.4077025812380586e-01 -5.2496008755637411e-02
    3.1286591422895582e+00 1.9785608154600425e+02
    -2.2744501180564515e+02 2.2316722425171670e+03
    1.4583890699736932e-01 -5.7698990478491516e-02
    3.1370505725811806e+00 1.9891774503519392e+02
    -2.2246156160698652e+02 2.2271765960555495e+03
    1.3232591782666267e-01 -9.1746733747335343e-02
    3.1360959893235978e+00 1.9987564903578286e+02
    -2.2175083235796657e+02 2.2311530005824852e+03
    1.4045156344034468e-01 -8.3242009910783440e-02
    3.1333014931963206e+00 1.9991400088725797e+02
    -2.2267914157139555e+02 2.2311044646969272e+03
    1.5183701768616226e-01 -6.9231772117456569e-02
    3.1277428480628719e+00 1.9964794808139948e+02
    -2.2179788933933435e+02 2.2289903804132587e+03</data></extrinsic_parameters>
